A[232,9,10,227,18,219,25,30,21,169,227,11,11,132,219,217,173,61,20,58,124,89,111,96,80,13,239,215,69,81,232,65,204,46,46,213,203,18,89,243,103,28,162,0,125,161,255,230,162,46,154,64,46,24,206,187,133,26,91,64,235,113,104,52,255,223,92,226,118,119,182,160,65,81,51,6,97,162,186,1,53,130,255,81,207,67,94,1,236,190,8,30,106,205,75,19,108,113,119,159,3,228,52,45,13,220,124,252,76,218,43,25,253,214,246,218,200,205,7,140,245,137,166,186,14,137,196,148]
a[155,63,175,240,109,97,122,88,10,4,138,117,217,11,205,131,8,156,121,84,154,135,238,145,55,95,64,151,97,114,237,191]
B[13,86,15,189,231,100,81,36,253,60,168,77,163,81,81,166,214,81,80,123,129,217,25,160,162,94,124,244,188,222,19,47,142,104,166,23,59,189,143,6,101,67,46,101,234,227,225,224,190,168,109,199,59,206,55,237,108,11,110,45,165,206,9,126,182,35,191,200,73,199,26,126,76,41,226,33,210,21,88,183,73,190,238,149,99,152,220,49,91,162,36,13,167,91,14,69,105,121,55,188,133,35,55,163,182,171,104,194,148,31,203,92,207,139,46,207,245,164,169,147,255,34,48,11,52,68,35,209]
S[99,179,147,133,180,36,210,86,181,254,234,85,200,139,20,14,218,176,13,179,123,80,195,99,129,10,163,129,131,226,212,14,179,196,193,189,128,224,168,156,64,118,43,250,86,188,143,30,191,244,10,229,97,87,0,196,108,172,223,222,177,164,188,169,115,8,86,237,188,103,221,182,41,19,235,103,114,220,152,166,156,76,90,127,18,224,222,32,245,39,150,229,56,82,136,143,100,220,163,125,170,90,133,42,45,195,83,146,97,233,73,186,232,108,124,191,50,90,33,136,189,202,147,192,168,211,159,221]
K[201,31,28,101,12,147,67,88,176,48,139,156,44,247,48,77,41,103,163,31,39,122,16,224,54,214,21,81,103,102,13,62]


A[23,241,219,182,162,245,64,160,221,42,212,85,163,80,235,61,167,134,141,128,190,31,26,238,78,6,133,226,109,98,187,136,128,231,61,0,61,147,246,95,67,115,173,128,192,50,53,33,183,108,101,186,144,101,1,158,237,4,231,252,185,101,200,90,30,49,116,137,115,107,28,226,20,72,113,160,67,247,97,79,223,205,223,82,42,116,235,27,193,37,236,56,168,147,70,208,28,148,137,212,167,164,207,183,78,124,150,209,148,84,240,219,183,37,173,37,55,66,124,206,44,240,21,60,77,247,95,100]
a[78,34,110,120,44,27,184,34,99,187,60,215,61,110,160,40,144,187,104,63,89,118,20,147,97,244,98,133,143,226,253,78]

B[135,189,245,110,143,190,221,131,2,251,139,220,6,187,246,125,133,154,197,93,48,119,170,247,218,144,178,118,57,81,251,217,46,15,136,255,78,227,141,127,227,151,79,89,42,33,55,120,77,161,61,103,119,9,192,200,48,123,122,65,65,109,12,17,151,197,237,85,201,189,1,206,159,67,141,203,225,7,179,18,123,109,188,184,178,117,196,212,209,30,178,105,34,27,145,61,56,175,91,114,218,251,107,8,37,78,65,108,227,245,150,159,205,127,101,86,125,70,30,176,94,102,42,151,71,152,208,196]
S[185,247,155,44,23,21,72,67,5,210,190,68,164,125,202,84,60,208,235,136,249,157,64,81,105,229,215,77,152,4,74,93,159,25,251,24,196,160,30,126,80,242,72,112,78,201,208,108,225,215,234,131,21,152,43,224,236,105,141,127,72,189,41,234,6,221,38,16,224,33,149,51,176,48,214,233,221,66,50,237,162,76,118,80,118,1,251,23,203,14,221,201,159,23,131,190,92,144,231,115,155,154,193,248,106,81,121,255,145,246,93,64,46,248,21,111,200,84,100,181,63,58,132,39,9,108,222,78]
K[193,205,32,92,207,52,213,204,134,65,184,57,234,52,235,195,192,176,33,117,78,33,121,195,253,100,112,210,85,234,230,160]



[14,245,142,52,97,233,144,216,180,172,77,106,17,155,26,83,84,107,192,107,95,35,194,201,205,55,54,23,167,143,164,103,179,232,193,224,181,65,46,30,249,244,32,114,237,206,158,191,149,114,206,194,82,104,161,49,241,255,109,24,244,216,40,170,213,37,14,234,102,83,137,125,2,40,233,218,225,223,141,120,248,239,250,206,8,233,164,142,64,97,248,235,61,78,223,168,210,53,230,224,243,132,73,238,95,39,247,39,127,170,40,76,151,220,140,180,169,76,20,71,190,11,53,247,77,163,77,243]